T[C] Ux[V] Uy[V] f[Hz] SinVoltage[V] Current[A] Res[Ohm] T_A[C] T_B[C]
23.610816326530614 0.0001836483673469388 -4.998367346938776e-06 73.33 5.0 0.0047401081632653065 0.03874398755102041 0.0 0.0
24.615263157894738 0.00018362368421052632 -4.995263157894737e-06 73.32999999999998 5.0 0.004740147368421053 0.03873836210526316 0.0 0.0
25.615000000000002 0.00018354000000000002 -5.019285714285714e-06 73.33000000000001 5.0 0.004740207142857142 0.03872039428571428 0.0 0.0
26.6375 0.00018342666666666663 -4.965e-06 73.33000000000001 5.0 0.004740291666666666 0.038695220833333335 0.0 0.0
27.564444444444447 0.00018335333333333332 -5.1188888888888905e-06 73.33 5.0 0.004739677777777777 0.03868505888888889 0.0 0.0
28.528000000000002 0.000183362 -5.058e-06 73.33000000000001 5.0 0.00474035 0.038681265 0.0 0.0
29.625555555555554 0.00018328333333333333 -5.154444444444445e-06 73.33 5.0 0.004740088888888889 0.038666348888888896 0.0 0.0
30.60571428571429 0.0001832557142857143 -4.962857142857143e-06 73.33 5.0 0.004740314285714285 0.03865891428571429 0.0 0.0
31.57625 0.00018321875 -5.013750000000001e-06 73.33 5.0 0.0047401000000000006 0.03865280124999999 0.0 0.0
32.63857142857143 0.00018316285714285713 -5.0185714285714286e-06 73.33 5.0 0.004739814285714286 0.03864325857142857 0.0 0.0
33.64666666666666 0.00018304833333333335 -4.94e-06 73.33 5.0 0.00474065 0.038612155 0.0 0.0
34.59428571428571 0.00018312999999999996 -5.039999999999999e-06 73.33 5.0 0.0047404 0.03863125571428571 0.0 0.0
35.62333333333333 0.000182855 -4.973333333333334e-06 73.33 5.0 0.004740266666666667 0.038574421666666664 0.0 0.0
36.62 0.00018300499999999997 -4.955e-06 73.33 5.0 0.004739816666666666 0.03860955333333333 0.0 0.0
37.624 0.00018299600000000002 -4.961999999999999e-06 73.33 5.0 0.0047403 0.038603726 0.0 0.0
38.644285714285715 0.00018277142857142856 -5.048571428571428e-06 73.33 5.0 0.004739842857142858 0.03856037857142857 0.0 0.0
39.674 0.000182888 -5.097999999999999e-06 73.33 5.0 0.00474122 0.03857362 0.0 0.0
40.548 0.00018286399999999998 -4.95e-06 73.33 5.0 0.00474002 0.038578378 0.0 0.0
41.62 0.00018278999999999998 -5.014999999999999e-06 73.33 5.0 0.0047394666666666675 0.03856732666666667 0.0 0.0
42.6925 0.00018275 -5.0925e-06 73.33 5.0 0.004740925 0.0385470825 0.0 0.0
43.489999999999995 0.000182702 -4.770000000000001e-06 73.33 5.0 0.004740619999999999 0.038539522 0.0 0.0
44.63 0.000182702 -4.926e-06 73.33 5.0 0.0047401 0.038543707999999996 0.0 0.0
45.53399999999999 0.00018258800000000002 -5.007999999999999e-06 73.33 5.0 0.00473982 0.038522100000000004 0.0 0.0
46.592 0.000182516 -5.004e-06 73.33 5.0 0.0047406 0.038500660000000006 0.0 0.0
47.59750000000001 0.00018259249999999998 -5.0474999999999995e-06 73.33 5.0 0.0047398 0.0385233275 0.0 0.0
48.67 0.00018254000000000002 -4.973999999999999e-06 73.33 5.0 0.0047402600000000005 0.038508485999999995 0.0 0.0
49.726 0.000182666 -5.0460000000000005e-06 73.33 5.0 0.00474052 0.038532782 0.0 0.0
50.665 0.0001825175 -5.0625e-06 73.33 5.0 0.0047393999999999995 0.038510785 0.0 0.0
51.66799999999999 0.00018249799999999999 -4.998e-06 73.33 5.0 0.004740319999999999 0.03849919 0.0 0.0
52.705 0.0001825625 -5.1225e-06 73.33 5.0 0.004739625 0.0385184075 0.0 0.0
53.6025 0.0001824125 -5.017500000000001e-06 73.33 5.0 0.004740325 0.0384812325 0.0 0.0
54.5975 0.00018248 -4.86e-06 73.33 5.0 0.004741175 0.038488402500000005 0.0 0.0
55.577999999999996 0.000182666 -4.985999999999999e-06 73.33 5.0 0.004739459999999999 0.038541438 0.0 0.0
56.5275 0.00018241249999999997 -4.9125e-06 73.33 5.0 0.004740375 0.038480864999999996 0.0 0.0
57.675 0.000182405 -4.92e-06 73.33 5.0 0.0047402749999999995 0.038480075 0.0 0.0
58.64 0.0001824575 -5.04e-06 73.33 5.0 0.00473965 0.03849615 0.0 0.0
59.627500000000005 0.00018242750000000001 -5.0175e-06 73.33 5.0 0.004739825 0.0384884575 0.0 0.0
60.602500000000006 0.0001826225 -5.025e-06 73.33 5.0 0.004740075 0.03852731 0.0 0.0
61.615 0.000182465 -4.95e-06 73.33 5.0 0.004740575 0.0384902175 0.0 0.0
62.707499999999996 0.00018238249999999998 -5.0025e-06 73.33 5.0 0.0047402 0.03847599 0.0 0.0
63.644999999999996 0.0001826 -4.9050000000000005e-06 73.33 5.0 0.0047394 0.03852805250000001 0.0 0.0
64.755 0.0001823225 -4.98e-06 73.33 5.0 0.0047397 0.03846749 0.0 0.0
65.695 0.0001824425 -5.0099999999999995e-06 73.33 5.0 0.004740349999999999 0.038487299999999995 0.0 0.0
66.66333333333333 0.00018234000000000002 -5.119999999999999e-06 73.33 5.0 0.00474 0.038468626666666665 0.0 0.0
67.5725 0.000182615 -5.025e-06 73.33 5.0 0.004739775 0.038528175 0.0 0.0
68.66250000000001 0.000182525 -4.9999999999999996e-06 73.33 5.0 0.004740275 0.038505255 0.0 0.0
69.6475 0.000182465 -4.9575e-06 73.33 5.0 0.004740325 0.038492195 0.0 0.0
70.69 0.00018267 -5.026666666666666e-06 73.33 5.0 0.004738966666666666 0.038546336666666674 0.0 0.0
71.44749999999999 0.00018257750000000002 -5.025e-06 73.33 5.0 0.00474035 0.038515615 0.0 0.0
72.6125 0.00018266750000000003 -4.9425000000000005e-06 73.33 5.0 0.004740025 0.038537027499999994 0.0 0.0
73.47000000000001 0.00018282000000000001 -4.9900000000000005e-06 73.33 5.0 0.0047393999999999995 0.038574163333333335 0.0 0.0
74.5875 0.00018266750000000003 -4.8225e-06 73.33 5.0 0.004740225 0.03853551 0.0 0.0
75.6525 0.00018275749999999998 -4.9575e-06 73.33 5.0 0.004739925 0.0385567825 0.0 0.0
76.535 0.00018257 -5.085e-06 73.33 5.0 0.00473975 0.03851892 0.0 0.0
77.605 0.00018275 -5.02e-06 73.33 5.0 0.004739683333333334 0.038557155 0.0 0.0
78.755 0.00018248 -4.95e-06 73.33 5.0 0.0047402 0.03849639 0.0 0.0
79.688 0.000182858 -5.1360000000000005e-06 73.33 5.0 0.00473988 0.038578233999999996 0.0 0.0
80.6 0.00018278 -4.86e-06 73.33 5.0 0.004743 0.03853658 0.0 0.0
81.52000000000001 0.000182946 -5.04e-06 73.33 5.0 0.004739419999999999 0.03860079200000001 0.0 0.0
82.49666666666667 0.00018303000000000001 -5.06e-06 73.33 5.0 0.004739566666666667 0.038616826666666666 0.0 0.0
83.5625 0.00018307249999999998 -5.0625e-06 73.33 5.0 0.0047401 0.03862135 0.0 0.0
84.65666666666665 0.00018298999999999998 -4.96e-06 73.33 5.0 0.004739833333333333 0.03860621 0.0 0.0
85.53666666666668 0.00018292999999999998 -5.226666666666666e-06 73.33 5.0 0.004740466666666667 0.03858855 0.0 0.0
86.42333333333333 0.00018307 -4.98e-06 73.33 5.0 0.004739466666666667 0.038626009999999995 0.0 0.0
87.61 0.000183106 -5.102e-06 73.33 5.0 0.00474006 0.03862953 0.0 0.0
88.79 0.00018309999999999998 -5.04e-06 73.33 5.0 0.004741133333333334 0.03861870333333334 0.0 0.0
89.70666666666666 0.00018333333333333334 -4.929999999999999e-06 73.33 5.0 0.004739833333333333 0.03867965 0.0 0.0
90.62333333333333 0.00018321666666666668 -4.9999999999999996e-06 73.33 5.0 0.0047396 0.038656296666666666 0.0 0.0
91.41666666666667 0.00018334999999999998 -4.88e-06 73.33 5.0 0.0047409 0.0386751 0.0 0.0
92.51750000000001 0.00018346250000000002 -4.934999999999999e-06 73.33 5.0 0.0047394 0.038710335 0.0 0.0
93.495 0.00018333 -5.16e-06 73.33 5.0 0.004739800000000001 0.038678870000000004 0.0 0.0
94.43 0.00018347 -5.0325000000000005e-06 73.33 5.0 0.004740025 0.038706939999999995 0.0 0.0
95.6525 0.00018356000000000004 -5.2425e-06 73.33 5.0 0.004740749999999999 0.03871978 0.0 0.0
96.82249999999999 0.0001836175 -5.055e-06 73.33 5.0 0.0047399 0.038739367499999997 0.0 0.0
97.82 0.0001837 -5.055e-06 73.33 5.0 0.0047395 0.03875981 0.0 0.0
98.58333333333333 0.00018389 -5.04e-06 73.33 5.0 0.0047396999999999995 0.038798023333333334 0.0 0.0
99.62666666666667 0.00018371 -5.096666666666667e-06 73.33 5.0 0.004739333333333333 0.03876333666666667 0.0 0.0
100.48333333333333 0.00018382 -4.76e-06 73.33 5.0 0.004740500000000001 0.038776856666666665 0.0 0.0
101.64750000000001 0.00018391749999999998 -4.86e-06 73.33 5.0 0.004739425 0.03880602 0.0 0.0
102.60666666666667 0.00018391000000000002 -4.960000000000001e-06 73.33 5.0 0.004740966666666666 0.03879191666666667 0.0 0.0
103.55333333333333 0.00018412 -5.016666666666666e-06 73.33 5.0 0.004739133333333333 0.03885089666666666 0.0 0.0
104.60666666666667 0.00018399 -4.9999999999999996e-06 73.33 5.0 0.0047391333333333336 0.038823623333333335 0.0 0.0
105.6575 0.0001843825 -5.0025e-06 73.33 5.0 0.00474 0.0388988525 0.0 0.0
106.82 0.00018436 -5.145000000000001e-06 73.33 5.0 0.0047405 0.038889995 0.0 0.0
107.50333333333333 0.00018437999999999997 -5.056666666666667e-06 73.33 5.0 0.004739633333333333 0.03890139 0.0 0.0
108.38333333333334 0.00018448 -4.96e-06 73.33 5.0 0.004740833333333334 0.03891242333333333 0.0 0.0
109.68 0.00018439 -4.785e-06 73.33 5.0 0.0047396999999999995 0.0389029025 0.0 0.0
110.66000000000001 0.00018460999999999998 -5.176666666666667e-06 73.33 5.0 0.004740766666666667 0.038940279999999994 0.0 0.0
111.81 0.00018447000000000003 -4.96e-06 73.33 5.0 0.004739366666666667 0.038922363333333335 0.0 0.0
112.62666666666667 0.00018471666666666667 -4.91e-06 73.33 5.0 0.004740433333333333 0.03896608 0.0 0.0
113.78666666666668 0.00018448 -4.96e-06 73.33 5.0 0.004739900000000001 0.03892009 0.0 0.0
114.69 0.00018463666666666668 -5.02e-06 73.33 5.0 0.0047392 0.03895948 0.0 0.0
115.6 0.000185045 -5.04e-06 73.33 5.0 0.00474035 0.03903582 0.0 0.0
116.5775 0.00018498 -5.0225e-06 73.33 5.0 0.004740325 0.0390234825 0.0 0.0
117.66333333333334 0.00018517999999999999 -4.949999999999999e-06 73.33 5.0 0.004739066666666666 0.03907577 0.0 0.0
118.67 0.00018523 -5.06e-06 73.33 5.0 0.004740833333333333 0.0390717 0.0 0.0
119.66666666666667 0.00018517000000000002 -5.11e-06 73.33 5.0 0.004739633333333333 0.039068983333333335 0.0 0.0
120.67333333333333 0.00018547 -4.89e-06 73.33 5.0 0.004739466666666667 0.03913323 0.0 0.0
121.76 0.0001853 -4.96e-06 73.33 5.0 0.004740866666666666 0.03908613 0.0 0.0
122.68666666666667 0.00018557 -5.15e-06 73.33 5.0 0.0047398 0.03915145333333333 0.0 0.0
123.61666666666667 0.00018546 -5.22e-06 73.33 5.0 0.004740133333333333 0.039125636666666665 0.0 0.0
124.70333333333333 0.00018557 -5.17e-06 73.33 5.0 0.0047413 0.03913908 0.0 0.0
125.70666666666666 0.0001858 -5.176666666666667e-06 73.33 5.0 0.0047397333333333335 0.03920025 0.0 0.0
126.73333333333333 0.00018588 -4.9199999999999995e-06 73.33 5.0 0.004739533333333334 0.03921863666666667 0.0 0.0
127.82333333333334 0.00018575999999999998 -4.87e-06 73.33 5.0 0.0047409999999999996 0.039181419999999995 0.0 0.0
128.535 0.00018616500000000002 -5.0800000000000005e-06 73.33 5.0 0.004739999999999999 0.039274470000000006 0.0 0.0
129.51 0.00018579 -5.109999999999999e-06 73.33 5.0 0.004739899999999999 0.03919669 0.0 0.0
130.60333333333332 0.00018614 -5.0999999999999995e-06 73.33 5.0 0.004739299999999999 0.03927508 0.0 0.0
131.41666666666666 0.0001861366666666667 -5.06e-06 73.33 5.0 0.004740533333333334 0.039264796666666664 0.0 0.0
132.6225 0.000186385 -5.07e-06 73.33 5.0 0.0047394 0.0393266 0.0 0.0
133.7 0.000186205 -5.155e-06 73.33 5.0 0.004739999999999999 0.03928387 0.0 0.0
134.55999999999997 0.00018639333333333335 -5.106666666666666e-06 73.33 5.0 0.0047404 0.03932046333333333 0.0 0.0
135.69 0.0001865775 -4.86e-06 73.33 5.0 0.004739325 0.039368115 0.0 0.0
136.685 0.000186635 -5.025e-06 73.33 5.0 0.00474015 0.0393739 0.0 0.0
137.47500000000002 0.00018690500000000001 -4.92e-06 73.33 5.0 0.0047408 0.039425105 0.0 0.0
138.55 0.000187145 -4.905e-06 73.33 5.0 0.0047408 0.03947536 0.0 0.0
139.71666666666667 0.00018718 -4.91e-06 73.33 5.0 0.004739066666666667 0.03949708666666666 0.0 0.0
140.74666666666667 0.00018725 -5.13e-06 73.33 5.0 0.0047399 0.03950484333333333 0.0 0.0
141.60500000000002 0.00018734 -5.29e-06 73.33 5.0 0.0047393999999999995 0.039527915 0.0 0.0
142.46333333333334 0.00018722 -4.98e-06 73.33 5.0 0.0047410333333333336 0.0394891 0.0 0.0
143.5666666666667 0.00018748 -5.216666666666667e-06 73.33 5.0 0.0047396 0.03955552666666667 0.0 0.0
144.60666666666665 0.0001876 -5.066666666666667e-06 73.33 5.0 0.0047399 0.03957819333333333 0.0 0.0
145.62 0.00018768 -5.13e-06 73.33 5.0 0.0047408 0.039587496666666666 0.0 0.0
146.54666666666665 0.00018778666666666665 -5.273333333333333e-06 73.33 5.0 0.004739166666666667 0.03962414 0.0 0.0
147.64666666666668 0.0001878666666666667 -5e-06 73.33 5.0 0.004740033333333334 0.03963369 0.0 0.0
148.55999999999997 0.00018796999999999998 -5.01e-06 73.33 5.0 0.0047408 0.03965035666666667 0.0 0.0
149.71666666666667 0.00018818333333333334 -5.186666666666666e-06 73.33 5.0 0.004739266666666666 0.03970720666666667 0.0 0.0
150.8166666666667 0.0001881033333333333 -5.05e-06 73.33 5.0 0.0047401 0.03968349333333334 0.0 0.0
151.62 0.00018829 -4.98e-06 73.33 5.0 0.0047401 0.03972324 0.0 0.0
152.63 0.0001883875 -5.165e-06 73.33 5.0 0.00474045 0.039740685 0.0 0.0
153.785 0.00018856 -4.935e-06 73.33 5.0 0.00474035 0.039777755 0.0 0.0
154.54333333333332 0.00018852 -5.07e-06 73.33 5.0 0.004738966666666667 0.039780916666666666 0.0 0.0
155.56999999999996 0.00018882 -5.08e-06 73.33 5.0 0.0047408 0.03982838666666667 0.0 0.0
156.60666666666668 0.00018897999999999997 -5.326666666666667e-06 73.33 5.0 0.0047397 0.039871159999999996 0.0 0.0
157.58666666666667 0.00018908 -5.146666666666667e-06 73.33 5.0 0.004739566666666666 0.03989330666666666 0.0 0.0
158.66 0.00018891999999999997 -5.276666666666666e-06 73.33 5.0 0.0047408 0.03984932333333333 0.0 0.0
159.77666666666667 0.00018933666666666666 -5.0866666666666665e-06 73.33 5.0 0.004740133333333334 0.03994298333333334 0.0 0.0
160.57999999999998 0.00018934 -5.04e-06 73.33 5.0 0.00474015 0.03994284 0.0 0.0
161.48 0.00018959 -4.9900000000000005e-06 73.33 5.0 0.004738933333333333 0.040007626666666664 0.0 0.0
162.49 0.00018952000000000002 -5.06e-06 73.33 5.0 0.004740233333333333 0.03998200333333333 0.0 0.0
163.66750000000002 0.0001897875 -5.32e-06 73.33 5.0 0.00473965 0.0400429425 0.0 0.0
164.745 0.000189945 -5.145e-06 73.33 5.0 0.00474025 0.0400709 0.0 0.0
165.6 0.00018991000000000003 -4.98e-06 73.33 5.0 0.004740633333333333 0.04006033666666667 0.0 0.0
166.66 0.00018997000000000003 -5.246666666666666e-06 73.33 5.0 0.004740633333333333 0.040072913333333335 0.0 0.0
167.6933333333333 0.00019018 -5.0066666666666664e-06 73.33 5.0 0.004739166666666667 0.04012933666666666 0.0 0.0
168.77 0.00019025999999999996 -5.140000000000001e-06 73.33 5.0 0.0047406 0.04013388666666667 0.0 0.0
169.60500000000002 0.000190395 -5.025e-06 73.33 5.0 0.0047392 0.04017408 0.0 0.0
170.47333333333333 0.00019042999999999998 -5.07e-06 73.33 5.0 0.0047409 0.04016705 0.0 0.0
171.53333333333333 0.00019048 -5.01e-06 73.33 5.0 0.004738866666666667 0.04019471333333333 0.0 0.0
172.59333333333333 0.00019098 -5.323333333333334e-06 73.33 5.0 0.0047397 0.040294533333333334 0.0 0.0
173.60666666666668 0.00019084333333333335 -5.02e-06 73.33 5.0 0.004740966666666666 0.04025446 0.0 0.0
174.65333333333334 0.00019114999999999998 -5.13e-06 73.33 5.0 0.004739533333333333 0.04033161 0.0 0.0
175.72333333333336 0.00019125999999999998 -5.233333333333334e-06 73.33 5.0 0.004739666666666667 0.04035353666666667 0.0 0.0
176.71333333333334 0.00019126000000000004 -5.109999999999999e-06 73.33 5.0 0.004740633333333333 0.040345266666666664 0.0 0.0
177.76666666666665 0.00019125999999999998 -5.209999999999999e-06 73.33 5.0 0.004739833333333333 0.04035205666666667 0.0 0.0
178.675 0.000191585 -5.3450000000000005e-06 73.33 5.0 0.004740650000000001 0.040413245 0.0 0.0
179.5533333333333 0.00019154 -5.140000000000001e-06 73.33 5.0 0.004739266666666666 0.04041561666666666 0.0 0.0
180.57666666666668 0.00019167 -5.116666666666667e-06 73.33 5.0 0.004740866666666666 0.04042926333333333 0.0 0.0
181.6 0.00019194 -5.146666666666667e-06 73.33 5.0 0.0047406 0.040488133333333336 0.0 0.0
182.64666666666668 0.00019203000000000002 -5.196666666666667e-06 73.33 5.0 0.004738933333333333 0.04052122666666667 0.0 0.0
183.6933333333333 0.00019205 -5.286666666666667e-06 73.33 5.0 0.004740333333333333 0.0405134 0.0 0.0
184.76333333333332 0.00019224 -5.226666666666666e-06 73.33 5.0 0.004740466666666666 0.04055207333333333 0.0 0.0
185.63 0.00019239 -5.145000000000001e-06 73.33 5.0 0.00473995 0.040589034999999996 0.0 0.0
186.49333333333334 0.00019260000000000002 -5.04e-06 73.33 5.0 0.0047394333333333335 0.040638556666666666 0.0 0.0
187.55666666666664 0.00019252333333333335 -5.2e-06 73.33 5.0 0.004739466666666667 0.040621446666666665 0.0 0.0
188.58666666666667 0.00019278 -5.41e-06 73.33 5.0 0.004741033333333333 0.040662439999999994 0.0 0.0
189.66 0.00019279 -4.86e-06 73.33 5.0 0.004739233333333333 0.04068007333333334 0.0 0.0
190.68999999999997 0.00019278999999999998 -5.156666666666667e-06 73.33 5.0 0.004740466666666666 0.04066941333333334 0.0 0.0
191.73333333333335 0.00019318999999999999 -5.2466666666666675e-06 73.33 5.0 0.0047406666666666665 0.040751513333333336 0.0 0.0
192.595 0.00019328500000000002 -5.16e-06 73.33 5.0 0.00473955 0.04078108 0.0 0.0
193.45666666666668 0.00019354 -5.08e-06 73.33 5.0 0.0047396999999999995 0.04083325000000001 0.0 0.0
194.52666666666664 0.00019374 -5.206666666666666e-06 73.33 5.0 0.004739466666666667 0.04087719333333333 0.0 0.0
195.5633333333333 0.00019355666666666667 -5.0866666666666665e-06 73.33 5.0 0.004740833333333333 0.040827709999999996 0.0 0.0
196.59333333333333 0.00019402999999999998 -5.15e-06 73.33 5.0 0.004739933333333334 0.04093602333333333 0.0 0.0
197.65333333333334 0.00019402333333333333 -5.126666666666666e-06 73.33 5.0 0.0047396 0.040936726666666666 0.0 0.0
198.69999999999996 0.00019426 -5.1600000000000006e-06 73.33 5.0 0.004741033333333333 0.04097467 0.0 0.0
199.74666666666667 0.00019412333333333333 -5.186666666666666e-06 73.33 5.0 0.004739366666666667 0.040959760000000005 0.0 0.0
200.625 0.00019443 -5.14e-06 73.33 5.0 0.00474025 0.041017035 0.0 0.0
201.47 0.00019433000000000002 -5.266666666666666e-06 73.33 5.0 0.004738966666666667 0.04100718333333333 0.0 0.0
202.52666666666667 0.00019456 -5.05e-06 73.33 5.0 0.004740633333333333 0.04104094333333333 0.0 0.0
203.55999999999997 0.00019469 -5.016666666666666e-06 73.33 5.0 0.004740166666666667 0.041072326666666666 0.0 0.0
204.61 0.00019494 -5.303333333333334e-06 73.33 5.0 0.004739066666666666 0.041134276666666664 0.0 0.0
205.65333333333334 0.00019488 -5.166666666666667e-06 73.33 5.0 0.004740500000000001 0.04110923666666667 0.0 0.0
206.69666666666663 0.00019508666666666666 -5.186666666666666e-06 73.33 5.0 0.0047400666666666666 0.041156943333333335 0.0 0.0
207.74333333333334 0.00019541333333333334 -5.08e-06 73.33 5.0 0.004739366666666667 0.041232316666666664 0.0 0.0
208.615 0.00019537500000000002 -5.3599999999999995e-06 73.33 5.0 0.00474045 0.041213495 0.0 0.0
209.48000000000002 0.00019554999999999998 -5.216666666666667e-06 73.33 5.0 0.004739833333333333 0.04125757333333333 0.0 0.0
210.51333333333332 0.00019574000000000002 -5.136666666666667e-06 73.33 5.0 0.0047406666666666665 0.041290136666666664 0.0 0.0
211.55666666666664 0.0001958 -5.02e-06 73.33 5.0 0.0047394 0.04131369333333334 0.0 0.0
212.59666666666666 0.00019603000000000003 -5.276666666666667e-06 73.33 5.0 0.00474 0.04135668666666666 0.0 0.0
213.63666666666666 0.00019594 -5.186666666666666e-06 73.33 5.0 0.004740733333333334 0.041331443333333336 0.0 0.0
214.66666666666666 0.00019642000000000002 -5.1600000000000006e-06 73.33 5.0 0.004739133333333333 0.041445993333333334 0.0 0.0
215.71000000000004 0.00019652000000000002 -5.2466666666666675e-06 73.33 5.0 0.004740433333333333 0.041455566666666666 0.0 0.0
216.75666666666666 0.00019674666666666667 -5.293333333333333e-06 73.33 5.0 0.004740466666666668 0.04150344 0.0 0.0
217.625 0.00019658000000000002 -5.435e-06 73.33 5.0 0.0047398 0.04147371 0.0 0.0
218.49 0.00019682999999999997 -5.186666666666666e-06 73.33 5.0 0.004739033333333333 0.04153281 0.0 0.0
219.5233333333333 0.00019698333333333334 -5.18e-06 73.33 5.0 0.0047397333333333335 0.041560146666666666 0.0 0.0
220.5633333333333 0.00019688666666666668 -5.176666666666667e-06 73.33 5.0 0.0047408 0.04152998 0.0 0.0
221.60333333333332 0.00019713 -5.196666666666666e-06 73.33 5.0 0.0047391 0.04159722 0.0 0.0
222.64 0.00019733999999999998 -5.216666666666667e-06 73.33 5.0 0.0047400666666666666 0.041632829999999996 0.0 0.0
223.66333333333333 0.00019771000000000003 -5.223333333333332e-06 73.33 5.0 0.004740500000000001 0.041706523333333335 0.0 0.0
224.69666666666663 0.00019775 -5.293333333333333e-06 73.33 5.0 0.0047390999999999996 0.04172719 0.0 0.0
225.7266666666667 0.00019800000000000002 -5.293333333333333e-06 73.33 5.0 0.0047399 0.041772540000000004 0.0 0.0
226.75333333333333 0.00019758000000000002 -5.256666666666667e-06 73.33 5.0 0.004740433333333333 0.04167983333333333 0.0 0.0
227.615 0.000197905 -5.085e-06 73.33 5.0 0.0047395 0.041756205000000005 0.0 0.0
228.47000000000003 0.0001980766666666667 -5.286666666666667e-06 73.33 5.0 0.004739533333333334 0.041792503333333335 0.0 0.0
229.49666666666667 0.00019842333333333333 -5.139999999999999e-06 73.33 5.0 0.0047392 0.041868876666666666 0.0 0.0
230.52666666666667 0.00019859 -5.15e-06 73.33 5.0 0.0047409999999999996 0.04188852666666667 0.0 0.0
231.5633333333333 0.00019868000000000002 -5.236666666666667e-06 73.33 5.0 0.0047393 0.04192244333333334 0.0 0.0
232.59666666666666 0.0001987 -5.549999999999999e-06 73.33 5.0 0.004739500000000001 0.04192488666666666 0.0 0.0
233.63 0.00019884000000000001 -5.13e-06 73.33 5.0 0.004740633333333333 0.04194419666666666 0.0 0.0
234.66 0.00019886 -5.123333333333333e-06 73.33 5.0 0.004739066666666666 0.04196219666666667 0.0 0.0
235.68666666666664 0.00019907 -5.236666666666667e-06 73.33 5.0 0.004739633333333333 0.04200120333333334 0.0 0.0
236.71000000000004 0.00019936000000000002 -5.266666666666667e-06 73.33 5.0 0.004740766666666667 0.04205199666666667 0.0 0.0
237.73333333333335 0.00019962666666666667 -5.216666666666667e-06 73.33 5.0 0.0047393999999999995 0.04212064666666667 0.0 0.0
238.75333333333333 0.00019957000000000002 -5.23e-06 73.33 5.0 0.004739666666666666 0.04210577666666667 0.0 0.0
239.61 0.00019981 -5.29e-06 73.33 5.0 0.00473945 0.042159039999999995 0.0 0.0
240.46333333333337 0.00019988666666666667 -4.9999999999999996e-06 73.33 5.0 0.004740933333333333 0.042161556666666676 0.0 0.0
241.48666666666668 0.00020013 -5.3433333333333336e-06 73.33 5.0 0.004739666666666667 0.04222518666666667 0.0 0.0
242.51 0.00020025999999999998 -5.0999999999999995e-06 73.33 5.0 0.004739066666666666 0.04225783333333333 0.0 0.0
243.53 0.0002002 -5.323333333333334e-06 73.33 5.0 0.004740566666666667 0.042231873333333336 0.0 0.0
244.54333333333332 0.00020056999999999999 -5.136666666666667e-06 73.33 5.0 0.0047396 0.042318 0.0 0.0
245.56666666666663 0.00020052 -5.296666666666666e-06 73.33 5.0 0.004739600000000001 0.04230757666666667 0.0 0.0
246.58333333333334 0.00020091999999999997 -5.44e-06 73.33 5.0 0.0047406666666666665 0.04238186333333333 0.0 0.0
247.60999999999999 0.00020102999999999996 -5.096666666666666e-06 73.33 5.0 0.004738933333333333 0.04242043666666667 0.0 0.0
248.63 0.00020118666666666665 -5.303333333333333e-06 73.33 5.0 0.004739333333333333 0.04245035666666667 0.0 0.0
249.64333333333335 0.00020113 -5.266666666666667e-06 73.33 5.0 0.004740533333333334 0.04242711 0.0 0.0
250.65666666666667 0.00020144333333333334 -5.41e-06 73.33 5.0 0.004739066666666666 0.04250724 0.0 0.0
251.66333333333333 0.00020152000000000004 -5.293333333333333e-06 73.33 5.0 0.0047392 0.042522863333333334 0.0 0.0
252.67666666666665 0.00020176000000000002 -5.363333333333333e-06 73.33 5.0 0.0047409 0.04255789666666667 0.0 0.0
253.70000000000002 0.00020182999999999998 -5.333333333333333e-06 73.33 5.0 0.0047395 0.04258516666666667 0.0 0.0
254.71000000000004 0.00020198000000000001 -5.293333333333332e-06 73.33 5.0 0.0047392 0.04261929333333333 0.0 0.0
255.72000000000003 0.0002021 -5.11e-06 73.33 5.0 0.0047406 0.04263180333333333 0.0 0.0
256.7366666666667 0.00020209999999999998 -5.503333333333333e-06 73.33 5.0 0.004738966666666666 0.04264642999999999 0.0 0.0
257.74666666666667 0.00020238000000000002 -5.3433333333333336e-06 73.33 5.0 0.0047397333333333335 0.042698323333333336 0.0 0.0
258.75666666666666 0.00020259 -5.363333333333333e-06 73.33 5.0 0.004740533333333333 0.04273521 0.0 0.0
259.7666666666667 0.00020262 -5.236666666666667e-06 73.33 5.0 0.004738666666666666 0.04275818 0.0 0.0
260.77333333333337 0.00020289666666666669 -5.243333333333334e-06 73.33 5.0 0.004739666666666667 0.04280792333333333 0.0 0.0
261.62 0.00020276 -5.1750000000000004e-06 73.33 5.0 0.0047393 0.04278291 0.0 0.0
262.4633333333333 0.00020309333333333335 -5.22e-06 73.33 5.0 0.004740533333333333 0.042842036666666666 0.0 0.0
263.47 0.00020305 -5.323333333333334e-06 73.33 5.0 0.0047392 0.04284563 0.0 0.0
264.49 0.00020339000000000002 -5.3566666666666665e-06 73.33 5.0 0.0047391 0.042917779999999996 0.0 0.0
265.5 0.00020357 -5.4333333333333335e-06 73.33 5.0 0.004740433333333333 0.04294354 0.0 0.0
266.51000000000005 0.00020372 -5.23e-06 73.33 5.0 0.004739766666666667 0.04298095333333333 0.0 0.0
267.5166666666667 0.00020391 -5.51e-06 73.33 5.0 0.004739033333333333 0.04302741666666667 0.0 0.0
268.52333333333337 0.00020386000000000002 -5.273333333333333e-06 73.33 5.0 0.0047404 0.04300451 0.0 0.0
269.53333333333336 0.00020406666666666668 -5.21e-06 73.33 5.0 0.004739633333333333 0.04305559 0.0 0.0
270.53333333333336 0.0002041 -5.286666666666667e-06 73.33 5.0 0.004739033333333333 0.04306724 0.0 0.0
271.5466666666667 0.00020427 -5.3333333333333345e-06 73.33 5.0 0.004740633333333333 0.04308836333333333 0.0 0.0
272.5566666666667 0.0002044233333333333 -5.393333333333334e-06 73.33 5.0 0.0047399 0.04312855000000001 0.0 0.0
273.56666666666666 0.00020449333333333333 -5.3433333333333336e-06 73.33 5.0 0.0047390999999999996 0.04315048666666666 0.0 0.0
274.58 0.00020496999999999998 -5.54e-06 73.33 5.0 0.0047407 0.043236536666666665 0.0 0.0
275.5833333333333 0.00020493 -5.3333333333333345e-06 73.33 5.0 0.004740033333333333 0.043234226666666674 0.0 0.0
276.5933333333333 0.00020511 -5.0999999999999995e-06 73.33 5.0 0.004739033333333333 0.04328105333333334 0.0 0.0
277.60999999999996 0.0002054466666666667 -5.423333333333333e-06 73.33 5.0 0.0047408 0.04333626666666667 0.0 0.0
278.6766666666667 0.00020542 -5.206666666666666e-06 73.33 5.0 0.004739933333333334 0.04333780666666667 0.0 0.0
279.605 0.00020550499999999998 -5.495000000000001e-06 73.33 5.0 0.00474025 0.043352675 0.0 0.0
280.54 0.00020573666666666665 -5.276666666666666e-06 73.33 5.0 0.004739066666666666 0.04341287333333333 0.0 0.0
281.68666666666667 0.00020582 -5.379999999999999e-06 73.33 5.0 0.0047402 0.04341926666666667 0.0 0.0
282.65 0.000205995 -5.29e-06 73.33 5.0 0.00473935 0.043464735 0.0 0.0
283.60333333333335 0.0002060133333333333 -5.353333333333333e-06 73.33 5.0 0.004740633333333333 0.04345715333333333 0.0 0.0
284.565 0.000206245 -5.29e-06 73.33 5.0 0.00473955 0.043516395 0.0 0.0
285.54 0.00020642000000000002 -5.256666666666667e-06 73.33 5.0 0.004739866666666666 0.0435501 0.0 0.0
286.52 0.000206215 -5.405e-06 73.33 5.0 0.0047401000000000006 0.043505 0.0 0.0
287.5233333333333 0.00020658000000000002 -5.423333333333333e-06 73.33 5.0 0.0047387 0.04359441333333333 0.0 0.0
288.53499999999997 0.00020692 -5.2500000000000006e-06 73.33 5.0 0.0047402 0.043651855 0.0 0.0
289.5733333333333 0.0002066 -5.266666666666667e-06 73.33 5.0 0.004739633333333333 0.043589949999999995 0.0 0.0
290.61 0.00020683 -5.435e-06 73.33 5.0 0.00473945 0.043639895 0.0 0.0
291.66 0.00020717999999999998 -5.413333333333334e-06 73.33 5.0 0.004740633333333333 0.043702340000000006 0.0 0.0
292.72 0.000207325 -5.305e-06 73.33 5.0 0.00473925 0.043745535 0.0 0.0
293.57500000000005 0.00020738 -5.465e-06 73.33 5.0 0.00473905 0.043759825 0.0 0.0
294.65333333333336 0.0002077 -5.236666666666667e-06 73.33 5.0 0.004740233333333333 0.04381712333333334 0.0 0.0
295.75 0.00020752500000000002 -5.45e-06 73.33 5.0 0.00473945 0.043787679999999995 0.0 0.0
296.625 0.000207825 -5.425e-06 73.33 5.0 0.00473915 0.043853315000000004 0.0 0.0
297.51 0.00020784 -5.29e-06 73.33 5.0 0.00473945 0.04385361 0.0 0.0
298.6166666666666 0.00020799 -5.4333333333333335e-06 73.33 5.0 0.004740533333333334 0.04387508666666667 0.0 0.0
299.735 0.000208215 -5.3450000000000005e-06 73.33 5.0 0.0047396999999999995 0.043930025 0.0 0.0
300.635 0.00020845500000000002 -5.585e-06 73.33 5.0 0.0047396999999999995 0.043980334999999995 0.0 0.0
301.53999999999996 0.00020856 -5.495e-06 73.33 5.0 0.00473905 0.044008290000000005 0.0 0.0
302.46000000000004 0.000208665 -5.1899999999999994e-06 73.33 5.0 0.004739149999999999 0.04402942 0.0 0.0
303.59999999999997 0.00020867 -5.353333333333333e-06 73.33 5.0 0.0047405 0.04401791 0.0 0.0
304.75 0.00020905 -5.464999999999999e-06 73.33 5.0 0.0047393 0.0441097 0.0 0.0
305.675 0.00020914000000000002 -5.5250000000000005e-06 73.33 5.0 0.00473925 0.04412913 0.0 0.0
306.615 0.00020939 -5.29e-06 73.33 5.0 0.0047396 0.044179265 0.0 0.0
307.54499999999996 0.00020915000000000002 -5.51e-06 73.33 5.0 0.00473995 0.04412568 0.0 0.0
308.485 0.000209495 -5.365e-06 73.33 5.0 0.004739999999999999 0.04419761 0.0 0.0
309.42 0.000209585 -5.375e-06 73.33 5.0 0.0047402 0.044214485 0.0 0.0
310.60999999999996 0.00020954 -5.549999999999999e-06 73.33 5.0 0.004739533333333333 0.04421133 0.0 0.0
311.81 0.000209885 -5.1750000000000004e-06 73.33 5.0 0.00473955 0.044283434999999996 0.0 0.0
312.77 0.00020987 -5.51e-06 73.33 5.0 0.00474015 0.04427468 0.0 0.0
313.73 0.000209945 -5.48e-06 73.33 5.0 0.00473985 0.044293275 0.0 0.0
314.69 0.000210125 -5.245e-06 73.33 5.0 0.00474025 0.044327305 0.0 0.0
315.65 0.000210465 -5.16e-06 73.33 5.0 0.004740299999999999 0.04439908 0.0 0.0
316.61 0.00021056999999999998 -5.42e-06 73.33 5.0 0.00474005 0.04442347 0.0 0.0
317.575 0.00021074499999999998 -5.45e-06 73.33 5.0 0.00473955 0.04446582 0.0 0.0
318.55 0.000210805 -5.45e-06 73.33 5.0 0.0047390999999999996 0.0444827 0.0 0.0
319.525 0.00021088 -5.615e-06 73.33 5.0 0.00473925 0.04449691 0.0 0.0
320.52 0.000211105 -5.375e-06 73.33 5.0 0.004739800000000001 0.04453902 0.0 0.0
321.51 0.000210925 -5.51e-06 73.33 5.0 0.00473985 0.044500815 0.0 0.0
322.51 0.00021136 -5.57e-06 73.33 5.0 0.0047396999999999995 0.04459333 0.0 0.0
323.51 0.000211435 -5.675e-06 73.33 5.0 0.0047405 0.044601515 0.0 0.0
324.505 0.000211405 -5.2649999999999996e-06 73.33 5.0 0.00473985 0.04460142 0.0 0.0
325.495 0.00021166000000000002 -5.41e-06 73.33 5.0 0.00473985 0.044654795 0.0 0.0
326.485 0.000211805 -5.675e-06 73.33 5.0 0.00473935 0.044690915 0.0 0.0
327.48 0.000211525 -5.4400000000000004e-06 73.33 5.0 0.00473925 0.044632160000000004 0.0 0.0
328.47 0.00021178 -5.2649999999999996e-06 73.33 5.0 0.0047393999999999995 0.04468414 0.0 0.0
329.47 0.00021234 -5.54e-06 73.33 5.0 0.00473955 0.044802265 0.0 0.0
330.47 0.00021234 -5.51e-06 73.33 5.0 0.00473955 0.04480228 0.0 0.0
331.47 0.00021255 -5.2749999999999995e-06 73.33 5.0 0.00474015 0.044840574999999994 0.0 0.0
332.475 0.00021271499999999999 -5.51e-06 73.33 5.0 0.0047402 0.044874689999999995 0.0 0.0
333.48 0.00021264 -5.3599999999999995e-06 73.33 5.0 0.00474025 0.044858505 0.0 0.0
334.495 0.00021286500000000002 -5.435e-06 73.33 5.0 0.00474005 0.04490757 0.0 0.0
335.515 0.00021324 -5.585e-06 73.33 5.0 0.0047393999999999995 0.04499231 0.0 0.0
336.54 0.00021315 -5.585e-06 73.33 5.0 0.00473905 0.04497685 0.0 0.0
337.555 0.000213475 -5.464999999999999e-06 73.33 5.0 0.004739149999999999 0.045045 0.0 0.0
338.57 0.00021347500000000003 -5.335000000000001e-06 73.33 5.0 0.00473935 0.045043085 0.0 0.0
339.585 0.00021355000000000001 -5.48e-06 73.33 5.0 0.00473965 0.045055965 0.0 0.0
340.6 0.00021359 -5.365e-06 73.33 5.0 0.0047396999999999995 0.045064889999999996 0.0 0.0
341.625 0.0002138 -5.425e-06 73.33 5.0 0.0047404000000000005 0.045102304999999995 0.0 0.0
342.635 0.0002141 -5.455e-06 73.33 5.0 0.00474005 0.04516841 0.0 0.0
343.655 0.00021395 -5.5250000000000005e-06 73.33 5.0 0.00473955 0.04514176 0.0 0.0
344.68 0.000214175 -5.32e-06 73.33 5.0 0.0047396 0.045188505000000004 0.0 0.0
345.705 0.000214385 -5.48e-06 73.33 5.0 0.0047392 0.045236225 0.0 0.0
346.725 0.00021443 -5.51e-06 73.33 5.0 0.00473865 0.045251075 0.0 0.0
347.75 0.000214935 -5.54e-06 73.33 5.0 0.00473845 0.045359795 0.0 0.0
348.78499999999997 0.000214775 -5.5e-06 73.33 5.0 0.00473925 0.045317645000000004 0.0 0.0
349.82 0.00021505500000000002 -5.72e-06 73.33 5.0 0.00473965 0.04537352 0.0 0.0
350.85 0.00021524499999999998 -5.45e-06 73.33 5.0 0.00473965 0.04541444 0.0 0.0
351.63 0.00021503 -5.48e-06 73.33 5.0 0.0047398 0.04536584 0.0 0.0
352.40999999999997 0.00021523 -5.3599999999999995e-06 73.33 5.0 0.00473925 0.045415105 0.0 0.0
353.435 0.00021526 -5.32e-06 73.33 5.0 0.0047393999999999995 0.045420015 0.0 0.0
354.46500000000003 0.00021538 -5.465e-06 73.33 5.0 0.0047401000000000006 0.045438295000000004 0.0 0.0
355.49 0.000215605 -5.51e-06 73.33 5.0 0.00474065 0.045480275 0.0 0.0
356.53 0.00021586 -5.7199999999999994e-06 73.33 5.0 0.00474015 0.04553843 0.0 0.0
357.58 0.000215935 -5.51e-06 73.33 5.0 0.0047401000000000006 0.045554739999999996 0.0 0.0
358.625 0.00021620500000000002 -5.5250000000000005e-06 73.33 5.0 0.004739999999999999 0.04561222 0.0 0.0
359.675 0.00021631 -5.465e-06 73.33 5.0 0.00473955 0.045638545 0.0 0.0
360.71500000000003 0.000216325 -5.5250000000000005e-06 73.33 5.0 0.004739149999999999 0.04564563 0.0 0.0
361.75 0.000216325 -5.420000000000001e-06 73.33 5.0 0.0047389500000000005 0.045647565 0.0 0.0
362.78999999999996 0.000216755 -5.405e-06 73.33 5.0 0.0047392 0.04573626 0.0 0.0
363.84000000000003 0.00021675 -5.39e-06 73.33 5.0 0.004739999999999999 0.045728500000000005 0.0 0.0
364.62 0.0002164 -5.22e-06 73.33 5.0 0.0047415 0.04563872 0.0 0.0
365.405 0.00021681 -5.51e-06 73.33 5.0 0.0047385 0.04575562 0.0 0.0
366.45500000000004 0.00021708 -5.54e-06 73.33 5.0 0.0047387 0.04581025 0.0 0.0
367.505 0.000217005 -5.5299999999999996e-06 73.33 5.0 0.00473955 0.04578636 0.0 0.0
368.55 0.00021735 -5.555e-06 73.33 5.0 0.0047396999999999995 0.04585716 0.0 0.0
369.59000000000003 0.00021735 -5.765e-06 73.33 5.0 0.00474 0.045854235 0.0 0.0
370.635 0.00021762000000000002 -5.51e-06 73.33 5.0 0.00474025 0.045908445 0.0 0.0
371.685 0.00021757500000000002 -5.5399999999999995e-06 73.33 5.0 0.004739800000000001 0.045903405 0.0 0.0
372.73 0.00021757500000000002 -5.375e-06 73.33 5.0 0.0047396 0.04590535 0.0 0.0
373.78 0.000217795 -5.3599999999999995e-06 73.33 5.0 0.00473925 0.045955789999999996 0.0 0.0
374.82 0.00021809500000000002 -5.615e-06 73.33 5.0 0.004739149999999999 0.04601975 0.0 0.0
375.6 0.00021801 -5.69e-06 73.33 5.0 0.0047406 0.04598679 0.0 0.0
376.39 0.00021812 -5.185e-06 73.33 5.0 0.00473985 0.046019295 0.0 0.0
377.44 0.00021827 -5.48e-06 73.33 5.0 0.0047396999999999995 0.046052184999999995 0.0 0.0
378.49 0.000218315 -5.585e-06 73.33 5.0 0.004739 0.046068385 0.0 0.0
379.53499999999997 0.000218525 -5.644999999999999e-06 73.33 5.0 0.0047389500000000005 0.046112845 0.0 0.0
380.58500000000004 0.000218735 -5.3599999999999995e-06 73.33 5.0 0.0047385 0.046161335 0.0 0.0
381.63 0.000218525 -5.245e-06 73.33 5.0 0.00473915 0.046110905 0.0 0.0
382.67 0.000218735 -5.32e-06 73.33 5.0 0.0047393999999999995 0.046152475 0.0 0.0
383.72 0.00021925999999999998 -5.495e-06 73.33 5.0 0.00473955 0.046261055 0.0 0.0
384.76 0.000219305 -5.63e-06 73.33 5.0 0.0047403 0.04626321 0.0 0.0
385.8 0.00021941000000000002 -5.57e-06 73.33 5.0 0.0047402 0.046286129999999995 0.0 0.0
386.84000000000003 0.00021939 -5.615e-06 73.33 5.0 0.00473955 0.046289300000000005 0.0 0.0
387.62 0.00021935 -5.63e-06 73.33 5.0 0.0047367 0.04630777 0.0 0.0
388.405 0.00021964 -5.615e-06 73.33 5.0 0.00474 0.046338415 0.0 0.0
389.46000000000004 0.00021967 -5.555e-06 73.33 5.0 0.00474005 0.046344235 0.0 0.0
390.505 0.000219925 -5.63e-06 73.33 5.0 0.00473995 0.0463986 0.0 0.0
391.55 0.000219745 -5.48e-06 73.33 5.0 0.0047393999999999995 0.046366334999999995 0.0 0.0
392.58 0.000219895 -5.66e-06 73.33 5.0 0.00473895 0.04640206 0.0 0.0
393.61 0.00021997 -5.7050000000000004e-06 73.33 5.0 0.0047390999999999996 0.046416410000000005 0.0 0.0
394.64 0.00022021 -5.66e-06 73.33 5.0 0.0047389 0.046468709999999996 0.0 0.0
395.68 0.000220525 -5.7199999999999994e-06 73.33 5.0 0.0047396 0.0465279 0.0 0.0
396.71500000000003 0.00022062999999999998 -5.495e-06 73.33 5.0 0.0047393999999999995 0.046551800000000004 0.0 0.0
397.73 0.00022049500000000002 -5.5250000000000005e-06 73.33 5.0 0.00474015 0.04651616 0.0 0.0
398.745 0.000220585 -5.32e-06 73.33 5.0 0.0047404 0.046532575 0.0 0.0
399.765 0.00022084 -5.66e-06 73.33 5.0 0.00473985 0.046591480000000005 0.0 0.0
400.795 0.00022091500000000002 -5.57e-06 73.33 5.0 0.00473915 0.046613959999999996 0.0 0.0
401.83 0.00022112 -5.5250000000000005e-06 73.33 5.0 0.0047389500000000005 0.04666004 0.0 0.0
402.855 0.00022099 -5.51e-06 73.33 5.0 0.00473875 0.046633709999999995 0.0 0.0
403.62 0.00022119 -5.69e-06 73.33 5.0 0.0047409 0.04665654 0.0 0.0
404.395 0.00022119000000000002 -5.5399999999999995e-06 73.33 5.0 0.00473975 0.04666788 0.0 0.0
405.425 0.00022144500000000002 -5.66e-06 73.33 5.0 0.0047392 0.04672668 0.0 0.0
406.46500000000003 0.00022166999999999998 -5.7050000000000004e-06 73.33 5.0 0.0047388 0.046777769999999996 0.0 0.0
407.5 0.00022166999999999998 -5.375e-06 73.33 5.0 0.004738549999999999 0.046780235 0.0 0.0
408.53499999999997 0.00022173 -5.5399999999999995e-06 73.33 5.0 0.00473925 0.04678589 0.0 0.0
409.565 0.000221655 -5.305e-06 73.33 5.0 0.00473915 0.046771185 0.0 0.0
410.595 0.00022215 -5.7800000000000006e-06 73.33 5.0 0.0047393 0.046873495 0.0 0.0
411.635 0.000222325 -5.675e-06 73.33 5.0 0.004739800000000001 0.046906195 0.0 0.0
412.65999999999997 0.000222165 -5.54e-06 73.33 5.0 0.0047401000000000006 0.04686864 0.0 0.0
413.69 0.00022227 -5.75e-06 73.33 5.0 0.0047396999999999995 0.046894635 0.0 0.0
414.72 0.00022204499999999998 -5.5399999999999995e-06 73.33 5.0 0.0047392 0.04685244 0.0 0.0
415.755 0.00022245 -5.645e-06 73.33 5.0 0.0047389500000000005 0.046939835 0.0 0.0
416.78 0.00022271 -5.615e-06 73.33 5.0 0.004738900000000001 0.046996985000000005 0.0 0.0
417.81 0.00022267 -5.5399999999999995e-06 73.33 5.0 0.00473905 0.046986045000000004 0.0 0.0
418.84000000000003 0.00022295 -5.7800000000000006e-06 73.33 5.0 0.0047393 0.047043285000000004 0.0 0.0
419.61 0.00022283 -5.69e-06 73.33 5.0 0.0047416 0.04699532 0.0 0.0
420.39 0.00022290500000000002 -5.7199999999999994e-06 73.33 5.0 0.00473875 0.04703931 0.0 0.0
421.43 0.00022298 -5.5250000000000005e-06 73.33 5.0 0.00473865 0.047056015 0.0 0.0
422.46000000000004 0.000222965 -5.7050000000000004e-06 73.33 5.0 0.0047383500000000005 0.047055824999999996 0.0 0.0
423.495 0.00022313 -5.615e-06 73.33 5.0 0.0047393999999999995 0.047080029999999995 0.0 0.0
424.52 0.00022328000000000002 -5.5250000000000005e-06 73.33 5.0 0.00473965 0.04710899 0.0 0.0
425.55 0.00022354999999999999 -5.555e-06 73.33 5.0 0.00473995 0.047162635 0.0 0.0
426.585 0.00022370000000000002 -5.63e-06 73.33 5.0 0.0047399 0.047194465 0.0 0.0
427.61 0.00022353500000000002 -5.6e-06 73.33 5.0 0.00473995 0.04715938 0.0 0.0
428.645 0.00022349000000000002 -5.5250000000000005e-06 73.33 5.0 0.0047392 0.04715747 0.0 0.0
429.675 0.000223835 -5.335e-06 73.33 5.0 0.00473925 0.047229335 0.0 0.0
430.7 0.000223775 -5.425e-06 73.33 5.0 0.0047386500000000005 0.047222735 0.0 0.0
431.73 0.00022424499999999998 -5.765e-06 73.33 5.0 0.0047387 0.047322795 0.0 0.0
432.755 0.00022394 -5.615e-06 73.33 5.0 0.00473905 0.047253265 0.0 0.0
433.78499999999997 0.000224115 -5.75e-06 73.33 5.0 0.00473955 0.047286085 0.0 0.0
434.805 0.00022423 -5.615e-06 73.33 5.0 0.00473985 0.04730815 0.0 0.0
435.825 0.0002242 -5.275e-06 73.33 5.0 0.004739749999999999 0.047302815 0.0 0.0
436.855 0.000224455 -5.7050000000000004e-06 73.33 5.0 0.00473975 0.047356300000000004 0.0 0.0
437.63 0.00022426 -5.33e-06 73.33 5.0 0.0047364 0.04734883 0.0 0.0
438.405 0.000224515 -5.585e-06 73.33 5.0 0.0047393999999999995 0.047372355000000005 0.0 0.0
439.425 0.000224485 -5.495000000000001e-06 73.33 5.0 0.0047396999999999995 0.047363145 0.0 0.0
440.445 0.00022474 -5.405e-06 73.33 5.0 0.0047398 0.04741561 0.0 0.0
441.46500000000003 0.00022483 -5.57e-06 73.33 5.0 0.0047399 0.047433495 0.0 0.0
442.475 0.00022486 -5.495000000000001e-06 73.33 5.0 0.00473965 0.047442120000000004 0.0 0.0
443.5 0.000224815 -5.63e-06 73.33 5.0 0.0047390999999999996 0.04743833 0.0 0.0
444.53999999999996 0.00022477 -5.555e-06 73.33 5.0 0.0047392 0.0474278 0.0 0.0
445.565 0.000225085 -5.57e-06 73.33 5.0 0.0047386500000000005 0.047499395 0.0 0.0
446.58 0.00022496499999999998 -5.435e-06 73.33 5.0 0.0047389500000000005 0.04747117 0.0 0.0
447.59 0.00022529 -5.63e-06 73.33 5.0 0.0047393999999999995 0.047535905 0.0 0.0
448.6 0.00022543 -5.600000000000001e-06 73.33 5.0 0.00473975 0.047560655 0.0 0.0
449.595 0.000225505 -5.435e-06 73.33 5.0 0.0047396999999999995 0.04757696 0.0 0.0
450.59 0.000225445 -5.824999999999999e-06 73.33 5.0 0.00473965 0.047564905000000005 0.0 0.0
451.59 0.000225455 -5.63e-06 73.33 5.0 0.0047399 0.047565474999999996 0.0 0.0
452.59 0.000225415 -5.7949999999999996e-06 73.33 5.0 0.00473985 0.04755659 0.0 0.0
453.6 0.00022595999999999998 -5.855e-06 73.33 5.0 0.0047393999999999995 0.04767734 0.0 0.0
454.61 0.00022555999999999997 -5.7949999999999996e-06 73.33 5.0 0.0047393999999999995 0.04759252 0.0 0.0
455.61 0.00022553 -5.5250000000000005e-06 73.33 5.0 0.004738549999999999 0.04759473 0.0 0.0
456.61 0.000225765 -5.555e-06 73.33 5.0 0.004738900000000001 0.047641545 0.0 0.0
457.62 0.00022615500000000002 -5.735e-06 73.33 5.0 0.00473925 0.04771980000000001 0.0 0.0
458.63 0.000226155 -5.425e-06 73.33 5.0 0.00473915 0.047720825 0.0 0.0
459.635 0.00022595999999999998 -5.75e-06 73.33 5.0 0.00473955 0.04767583 0.0 0.0
460.65 0.00022605 -5.5250000000000005e-06 73.33 5.0 0.00474025 0.047687685 0.0 0.0
461.66 0.000226095 -5.555e-06 73.33 5.0 0.0047402 0.047697569999999995 0.0 0.0
462.67 0.000226095 -5.615e-06 73.33 5.0 0.0047396999999999995 0.04770261 0.0 0.0
463.67 0.000226305 -5.735e-06 73.33 5.0 0.0047393999999999995 0.047749635 0.0 0.0
464.67 0.00022629 -5.45e-06 73.33 5.0 0.00473935 0.04774706 0.0 0.0
465.68 0.00022656 -5.644999999999999e-06 73.33 5.0 0.0047389500000000005 0.047807635 0.0 0.0
466.69 0.000226365 -5.51e-06 73.33 5.0 0.0047390999999999996 0.047765295 0.0 0.0
467.69 0.00022665 -5.48e-06 73.33 5.0 0.0047390999999999996 0.047825019999999996 0.0 0.0
468.69 0.00022635 -5.51e-06 73.33 5.0 0.0047393999999999995 0.047759125 0.0 0.0
469.705 0.000226485 -5.615e-06 73.33 5.0 0.0047393999999999995 0.047787394999999996 0.0 0.0
470.725 0.000226605 -5.81e-06 73.33 5.0 0.00473945 0.047811985 0.0 0.0
471.74 0.000226455 -5.435e-06 73.33 5.0 0.004739999999999999 0.04777514 0.0 0.0
472.76 0.000226635 -5.57e-06 73.33 5.0 0.0047393 0.04781983 0.0 0.0
473.77 0.00022675 -5.735e-06 73.33 5.0 0.004738900000000001 0.047849105 0.0 0.0
474.775 0.000226875 -5.75e-06 73.33 5.0 0.004739200000000001 0.047871159999999996 0.0 0.0
475.78499999999997 0.000227005 -5.72e-06 73.33 5.0 0.0047389 0.047902585 0.0 0.0
476.78 0.00022715 -5.675e-06 73.33 5.0 0.00473885 0.04793455 0.0 0.0
477.775 0.00022677 -5.735e-06 73.33 5.0 0.0047396 0.047845109999999996 0.0 0.0
478.78499999999997 0.00022709500000000002 -5.855e-06 73.33 5.0 0.00474 0.047910234999999995 0.0 0.0
479.795 0.00022706499999999998 -5.66e-06 73.33 5.0 0.00474015 0.04790239 0.0 0.0
480.8 0.00022700999999999998 -5.675000000000001e-06 73.33 5.0 0.00473975 0.047894 0.0 0.0
481.78499999999997 0.00022698 -5.5250000000000005e-06 73.33 5.0 0.00473965 0.04788869 0.0 0.0
482.775 0.000227125 -5.84e-06 73.33 5.0 0.0047389500000000005 0.047927185 0.0 0.0
483.765 0.00022718 -5.615e-06 73.33 5.0 0.0047388 0.047941245 0.0 0.0
484.77 0.00022745 -5.57e-06 73.33 5.0 0.0047387 0.047998929999999995 0.0 0.0
485.775 0.000227195 -5.465e-06 73.33 5.0 0.0047390999999999996 0.047941395 0.0 0.0
486.78 0.0002273 -5.495e-06 73.33 5.0 0.00473955 0.047958795 0.0 0.0
487.78 0.000227255 -5.465e-06 73.33 5.0 0.0047395 0.047949900000000004 0.0 0.0
488.78 0.00022739 -5.615e-06 73.33 5.0 0.004739500000000001 0.04797817 0.0 0.0
489.78 0.000227465 -5.7199999999999994e-06 73.33 5.0 0.0047398 0.04799084 0.0 0.0
490.775 0.00022748 -5.555e-06 73.33 5.0 0.0047393999999999995 0.047998084999999996 0.0 0.0
491.78 0.00022757 -5.675000000000001e-06 73.33 5.0 0.0047392 0.048019015 0.0 0.0
492.775 0.000227465 -5.464999999999999e-06 73.33 5.0 0.00473885 0.04800048 0.0 0.0
493.77 0.000227645 -5.545e-06 73.33 5.0 0.004738900000000001 0.048037725 0.0 0.0
494.76 0.00022757000000000002 -5.63e-06 73.33 5.0 0.0047390999999999996 0.048019985 0.0 0.0
495.76 0.000227675 -5.66e-06 73.33 5.0 0.0047383500000000005 0.048049549999999996 0.0 0.0
496.77 0.000227855 -5.39e-06 73.33 5.0 0.0047393999999999995 0.048076675 0.0 0.0
497.76 0.00022751 -5.425e-06 73.33 5.0 0.00473975 0.048000854999999995 0.0 0.0
498.745 0.00022784 -5.51e-06 73.33 5.0 0.0047395 0.048072475 0.0 0.0
499.725 0.000227885 -5.420000000000001e-06 73.33 5.0 0.004739500000000001 0.04808187 0.0 0.0
500.68 0.000227765 -5.66e-06 73.33 5.0 0.0047393999999999995 0.048057765 0.0 0.0
501.685 0.00022781 -5.66e-06 73.33 5.0 0.004739 0.048071355 0.0 0.0
502.675 0.00022763 -5.57e-06 73.33 5.0 0.0047389500000000005 0.048034055000000006 0.0 0.0
503.67 0.00022773500000000001 -5.5399999999999995e-06 73.33 5.0 0.004739200000000001 0.04805358 0.0 0.0
504.655 0.00022781 -5.425e-06 73.33 5.0 0.004739 0.04807122 0.0 0.0
505.64 0.000227885 -5.57e-06 73.33 5.0 0.0047388 0.048089085 0.0 0.0
506.625 0.000227705 -5.555e-06 73.33 5.0 0.00473925 0.048046740000000004 0.0 0.0
507.62 0.00022808 -5.48e-06 73.33 5.0 0.00473925 0.04812534 0.0 0.0
508.605 0.00022791499999999998 -5.435e-06 73.33 5.0 0.0047399 0.048084245 0.0 0.0
509.59 0.00022805 -5.7050000000000004e-06 73.33 5.0 0.0047395 0.048116485 0.0 0.0
510.585 0.00022803500000000002 -5.48e-06 73.33 5.0 0.00473915 0.04811699 0.0 0.0
511.58 0.00022793 -5.555e-06 73.33 5.0 0.00473885 0.048097965 0.0 0.0
512.575 0.000227975 -5.465e-06 73.33 5.0 0.004738549999999999 0.048110395 0.0 0.0
513.57 0.00022799 -5.495e-06 73.33 5.0 0.004738600000000001 0.048113055 0.0 0.0
514.565 0.000227975 -5.645e-06 73.33 5.0 0.0047388 0.04810799 0.0 0.0
515.555 0.000227885 -5.39e-06 73.33 5.0 0.00473955 0.048081495 0.0 0.0
516.54 0.000228275 -5.555e-06 73.33 5.0 0.0047397 0.048161604999999996 0.0 0.0
517.525 0.000228095 -5.615e-06 73.33 5.0 0.00473985 0.048122405 0.0 0.0
518.505 0.00022825999999999999 -5.585e-06 73.33 5.0 0.00473925 0.048163115 0.0 0.0
519.495 0.00022820000000000002 -5.75e-06 73.33 5.0 0.0047392 0.048151070000000004 0.0 0.0
520.48 0.000228035 -5.7800000000000006e-06 73.33 5.0 0.0047389500000000005 0.0481189 0.0 0.0
521.48 0.00022814 -5.57e-06 73.33 5.0 0.0047393 0.048137385000000005 0.0 0.0
522.48 0.00022794500000000001 -5.464999999999999e-06 73.33 5.0 0.0047388 0.048101645 0.0 0.0
523.475 0.000228035 -5.66e-06 73.33 5.0 0.00473915 0.048116955 0.0 0.0
524.455 0.00022815500000000001 -5.495e-06 73.33 5.0 0.0047392 0.04814169 0.0 0.0
525.435 0.00022800499999999998 -5.585e-06 73.33 5.0 0.0047393999999999995 0.0481081 0.0 0.0
526.415 0.00022793 -5.405e-06 73.33 5.0 0.0047393999999999995 0.048092380000000004 0.0 0.0
527.395 0.000228065 -5.72e-06 73.33 5.0 0.004739800000000001 0.048116585 0.0 0.0
528.62 0.00022808 -5.51e-06 73.33 5.0 0.0047385 0.04813297 0.0 0.0
529.855 0.00022781 -5.51e-06 73.33 5.0 0.00473945 0.04806676 0.0 0.0
530.85 0.000228275 -5.425e-06 73.33 5.0 0.00473985 0.04816018 0.0 0.0
531.845 0.00022805 -5.51e-06 73.33 5.0 0.00473955 0.04811606 0.0 0.0
532.83 0.0002279 -5.495e-06 73.33 5.0 0.0047393 0.04808717 0.0 0.0
533.82 0.00022802 -5.435e-06 73.33 5.0 0.0047390999999999996 0.048114355 0.0 0.0
534.805 0.000227885 -5.51e-06 73.33 5.0 0.0047386500000000005 0.0480906 0.0 0.0
535.785 0.000228185 -5.305e-06 73.33 5.0 0.00473875 0.048152465 0.0 0.0
536.77 0.00022782500000000002 -5.6e-06 73.33 5.0 0.0047389500000000005 0.048075015 0.0 0.0
537.755 0.000227915 -5.435e-06 73.33 5.0 0.004739 0.048093275000000005 0.0 0.0
538.735 0.00022791499999999998 -5.5399999999999995e-06 73.33 5.0 0.0047395 0.048088315000000006 0.0 0.0
539.73 0.000227855 -5.87e-06 73.33 5.0 0.0047399 0.04807158 0.0 0.0
540.715 0.00022795999999999998 -5.410000000000001e-06 73.33 5.0 0.00473955 0.048097175000000006 0.0 0.0
541.695 0.00022769 -5.405e-06 73.33 5.0 0.0047390999999999996 0.04804511 0.0 0.0
542.675 0.00022799000000000002 -5.29e-06 73.33 5.0 0.0047390999999999996 0.048107995 0.0 0.0
543.655 0.000228065 -5.379999999999999e-06 73.33 5.0 0.0047385 0.048129815 0.0 0.0
544.63 0.000227825 -5.675e-06 73.33 5.0 0.0047383500000000005 0.048081084999999996 0.0 0.0
545.61 0.000227975 -5.585e-06 73.33 5.0 0.00473845 0.048111535 0.0 0.0
546.575 0.000227705 -5.600000000000001e-06 73.33 5.0 0.00473905 0.048048785 0.0 0.0
547.57 0.00022791499999999998 -5.35e-06 73.33 5.0 0.0047396 0.048087204999999994 0.0 0.0
548.565 0.00022763 -5.435e-06 73.33 5.0 0.00474 0.048023415 0.0 0.0
549.56 0.00022757000000000002 -5.420000000000001e-06 73.33 5.0 0.0047390999999999996 0.048019985 0.0 0.0
550.55 0.00022745 -5.435e-06 73.33 5.0 0.00473915 0.047994385 0.0 0.0
551.535 0.00022787 -5.375e-06 73.33 5.0 0.0047386500000000005 0.04808743 0.0 0.0
552.505 0.00022763 -5.5399999999999995e-06 73.33 5.0 0.004738900000000001 0.04803457 0.0 0.0
553.49 0.00022757000000000002 -5.41e-06 73.33 5.0 0.00473835 0.04802758 0.0 0.0
554.475 0.00022779499999999998 -5.6e-06 73.33 5.0 0.004738549999999999 0.048072725 0.0 0.0
555.46 0.000227345 -5.51e-06 73.33 5.0 0.00473925 0.04797134 0.0 0.0
556.415 0.000227645 -5.765e-06 73.33 5.0 0.0047389500000000005 0.048037235 0.0 0.0
557.405 0.00022757000000000002 -5.48e-06 73.33 5.0 0.00473985 0.04801239 0.0 0.0
558.6166666666667 0.00022732 -5.513333333333334e-06 73.33 5.0 0.0047387666666666665 0.04797092 0.0 0.0
559.84 0.000227465 -5.32e-06 73.33 5.0 0.0047389500000000005 0.04799946 0.0 0.0
560.825 0.000227555 -5.69e-06 73.33 5.0 0.00473935 0.048014299999999996 0.0 0.0
561.79 0.00022751 -5.455e-06 73.33 5.0 0.00473935 0.048004905 0.0 0.0
562.74 0.000227375 -5.464999999999999e-06 73.33 5.0 0.0047395 0.047975000000000004 0.0 0.0
563.6949999999999 0.00022718 -5.5399999999999995e-06 73.33 5.0 0.004739800000000001 0.04793114 0.0 0.0
564.675 0.000227435 -5.435e-06 73.33 5.0 0.00473925 0.047990099999999994 0.0 0.0
565.645 0.00022710999999999999 -5.335e-06 73.33 5.0 0.00473875 0.047926035 0.0 0.0
566.62 0.00022714 -5.335e-06 73.33 5.0 0.0047386 0.047933915 0.0 0.0
567.58 0.00022727 -5.305e-06 73.33 5.0 0.004738600000000001 0.04796217 0.0 0.0
568.555 0.00022685499999999998 -5.410000000000001e-06 73.33 5.0 0.0047386500000000005 0.047873650000000004 0.0 0.0
569.525 0.000226905 -5.5250000000000005e-06 73.33 5.0 0.0047388 0.04788144 0.0 0.0
570.49 0.00022692 -5.38e-06 73.33 5.0 0.00473915 0.04788106 0.0 0.0
571.45 0.00022679999999999998 -5.57e-06 73.33 5.0 0.0047393 0.047854444999999995 0.0 0.0
572.42 0.000226815 -5.155000000000001e-06 73.33 5.0 0.0047396 0.04785456 0.0 0.0
573.6066666666667 0.00022689666666666665 -5.2466666666666675e-06 73.33 5.0 0.004738833333333334 0.047880203333333336 0.0 0.0
574.795 0.000226425 -5.185e-06 73.33 5.0 0.0047392 0.047776849999999996 0.0 0.0
575.75 0.000226785 -5.36e-06 73.33 5.0 0.00473945 0.047849765 0.0 0.0
576.7 0.00022658999999999998 -5.04e-06 73.33 5.0 0.00473985 0.047804885 0.0 0.0
577.65 0.00022662 -5.16e-06 73.33 5.0 0.00473955 0.047814135 0.0 0.0
578.615 0.00022670999999999998 -5.155000000000001e-06 73.33 5.0 0.00473905 0.0478381 0.0 0.0
579.58 0.00022641 -5.51e-06 73.33 5.0 0.0047389 0.047776780000000005 0.0 0.0
580.535 0.000226335 -5.7199999999999994e-06 73.33 5.0 0.0047386500000000005 0.047763520000000004 0.0 0.0
581.49 0.000226425 -5.765e-06 73.33 5.0 0.0047383500000000005 0.04778541 0.0 0.0
582.47 0.000226245 -5.645e-06 73.33 5.0 0.0047383 0.047748255 0.0 0.0
583.44 0.00022636500000000002 -5.75e-06 73.33 5.0 0.0047389500000000005 0.047766840000000005 0.0 0.0
584.415 0.00022562 -6.004999999999999e-06 73.33 5.0 0.0047390999999999996 0.047608115 0.0 0.0
585.6066666666667 0.00022592 -5.8800000000000005e-06 73.33 5.0 0.004739266666666666 0.04767038333333334 0.0 0.0
586.78 0.00022578 -5.600000000000001e-06 73.33 5.0 0.00473845 0.04764923 0.0 0.0
587.71 0.00022584 -5.855000000000001e-06 73.33 5.0 0.0047389 0.047657275 0.0 0.0
588.65 0.000226005 -5.885e-06 73.33 5.0 0.00473965 0.047684334999999994 0.0 0.0
589.605 0.000225675 -5.78e-06 73.33 5.0 0.004739800000000001 0.047613615 0.0 0.0
590.565 0.00022578 -5.555e-06 73.33 5.0 0.00474005 0.04763315 0.0 0.0
591.51 0.000225515 -5.84e-06 73.33 5.0 0.00473915 0.047585655000000004 0.0 0.0
592.47 0.000225235 -5.84e-06 73.33 5.0 0.0047390999999999996 0.047526225000000005 0.0 0.0
593.445 0.000225395 -5.765e-06 73.33 5.0 0.0047389500000000005 0.047562485 0.0 0.0
594.425 0.000225265 -5.87e-06 73.33 5.0 0.0047386500000000005 0.04753718 0.0 0.0
595.6166666666667 0.00022537666666666667 -5.85e-06 73.33 5.0 0.004739133333333333 0.047556369999999994 0.0 0.0
596.79 0.00022498 -5.7050000000000004e-06 73.33 5.0 0.00473935 0.04747045 0.0 0.0
597.725 0.00022511500000000002 -5.765e-06 73.33 5.0 0.00473955 0.047496705 0.0 0.0
598.685 0.00022490500000000002 -5.855e-06 73.33 5.0 0.0047386500000000005 0.04746164 0.0 0.0
599.66 0.00022490500000000002 -5.855000000000001e-06 73.33 5.0 0.0047385 0.047463225 0.0 0.0
600.62 0.00022490500000000002 -5.7949999999999996e-06 73.33 5.0 0.004738549999999999 0.047462615 0.0 0.0
601.575 0.00022471 -5.99e-06 73.33 5.0 0.0047388 0.04741927 0.0 0.0
602.515 0.00022462 -5.675e-06 73.33 5.0 0.00473905 0.047397925 0.0 0.0
603.455 0.00022466499999999998 -5.7199999999999994e-06 73.33 5.0 0.0047393999999999995 0.047403890000000004 0.0 0.0
604.63 0.00022464999999999999 -5.68e-06 73.33 5.0 0.004739033333333333 0.04740432666666666 0.0 0.0
605.815 0.000224305 -5.585e-06 73.33 5.0 0.0047384 0.047338370000000005 0.0 0.0
606.755 0.00022441 -5.915e-06 73.33 5.0 0.004739 0.04735431 0.0 0.0
607.685 0.000224395 -5.735e-06 73.33 5.0 0.0047390999999999996 0.047350255 0.0 0.0
608.635 0.00022427500000000002 -5.885e-06 73.33 5.0 0.004739149999999999 0.047324615 0.0 0.0
609.6 0.00022426 -5.765e-06 73.33 5.0 0.00473955 0.04731747 0.0 0.0
610.565 0.00022402499999999998 -5.5250000000000005e-06 73.33 5.0 0.00473985 0.047264169999999994 0.0 0.0
611.515 0.000224155 -5.555e-06 73.33 5.0 0.0047389500000000005 0.047301430000000005 0.0 0.0
612.465 0.000223805 -5.78e-06 73.33 5.0 0.0047389500000000005 0.047225964999999995 0.0 0.0
613.415 0.000224155 -5.585e-06 73.33 5.0 0.0047385 0.047305904999999995 0.0 0.0
614.6033333333334 0.00022380666666666667 -5.58e-06 73.33 5.0 0.004739533333333334 0.04722116333333334 0.0 0.0
615.79 0.00022370000000000002 -5.72e-06 73.33 5.0 0.004739 0.04720345 0.0 0.0
616.735 0.000223625 -5.63e-06 73.33 5.0 0.0047387 0.047190805 0.0 0.0
617.675 0.000223685 -5.57e-06 73.33 5.0 0.004738549999999999 0.047204844999999995 0.0 0.0
618.62 0.00022354999999999999 -5.69e-06 73.33 5.0 0.0047388 0.047173980000000004 0.0 0.0
619.5699999999999 0.00022343 -5.600000000000001e-06 73.33 5.0 0.00473905 0.047146375000000004 0.0 0.0
620.515 0.00022329499999999998 -5.57e-06 73.33 5.0 0.00473945 0.047114135 0.0 0.0
621.46 0.000223295 -5.7949999999999996e-06 73.33 5.0 0.00473985 0.047110165 0.0 0.0
622.6366666666667 0.00022318999999999998 -5.7133333333333326e-06 73.33 5.0 0.004739333333333333 0.04709326666666667 0.0 0.0
623.8050000000001 0.000223295 -5.824999999999999e-06 73.33 5.0 0.00473885 0.04712009 0.0 0.0
624.75 0.000223235 -5.7199999999999994e-06 73.33 5.0 0.00473935 0.04710247 0.0 0.0
625.6949999999999 0.000222845 -5.885e-06 73.33 5.0 0.0047396 0.047018335 0.0 0.0
626.665 0.00022301 -5.66e-06 73.33 5.0 0.00474 0.047048944999999995 0.0 0.0
627.63 0.000222995 -5.63e-06 73.33 5.0 0.0047390999999999996 0.04705473 0.0 0.0
628.575 0.00022281500000000001 -5.600000000000001e-06 73.33 5.0 0.0047389 0.047018945 0.0 0.0
629.505 0.00022278499999999998 -5.5399999999999995e-06 73.33 5.0 0.00473845 0.04701717 0.0 0.0
630.435 0.00022289 -5.93e-06 73.33 5.0 0.0047388 0.04703575 0.0 0.0
631.6266666666667 0.00022261333333333333 -5.7e-06 73.33 5.0 0.004739833333333333 0.04696671 0.0 0.0
632.79 0.00022252 -5.585e-06 73.33 5.0 0.0047390999999999996 0.0469541 0.0 0.0
633.715 0.00022246 -5.675e-06 73.33 5.0 0.0047390999999999996 0.04694144 0.0 0.0
634.65 0.00022254000000000002 -5.675e-06 73.33 5.0 0.0047384 0.04696417 0.0 0.0
635.61 0.00022233000000000002 -5.81e-06 73.33 5.0 0.004738600000000001 0.046918180000000004 0.0 0.0
636.54 0.00022224 -5.765e-06 73.33 5.0 0.004738900000000001 0.046896320000000005 0.0 0.0
637.475 0.00022215 -5.495e-06 73.33 5.0 0.0047385 0.046881309999999995 0.0 0.0
638.425 0.00022221 -5.7050000000000004e-06 73.33 5.0 0.0047390999999999996 0.046888025 0.0 0.0
639.61 0.00022207 -5.500000000000001e-06 73.33 5.0 0.004739833333333333 0.04685150666666666 0.0 0.0
640.78 0.00022204499999999998 -5.855e-06 73.33 5.0 0.0047388 0.046856480000000006 0.0 0.0
641.725 0.00022191 -5.48e-06 73.33 5.0 0.0047385 0.046831065000000005 0.0 0.0
642.665 0.000221955 -5.84e-06 73.33 5.0 0.0047389500000000005 0.04683603 0.0 0.0
643.595 0.00022182000000000001 -5.495e-06 73.33 5.0 0.0047396999999999995 0.04680033 0.0 0.0
644.53 0.000221835 -5.72e-06 73.33 5.0 0.0047394 0.04680645 0.0 0.0
645.465 0.00022165500000000002 -5.7050000000000004e-06 73.33 5.0 0.0047394 0.046768705 0.0 0.0
646.63 0.00022158 -5.7999999999999995e-06 73.33 5.0 0.004738099999999999 0.04676581 0.0 0.0
647.8050000000001 0.000221715 -5.765e-06 73.33 5.0 0.0047390999999999996 0.046784295000000004 0.0 0.0
648.755 0.00022119499999999999 -5.57e-06 73.33 5.0 0.0047393 0.046672195 0.0 0.0
649.6949999999999 0.000221595 -5.63e-06 73.33 5.0 0.00473925 0.046757615 0.0 0.0
650.625 0.00022152 -5.825e-06 73.33 5.0 0.00473885 0.04674585 0.0 0.0
651.55 0.000221385 -5.48e-06 73.33 5.0 0.0047385 0.04672103 0.0 0.0
652.5 0.00022122 -5.765e-06 73.33 5.0 0.0047385 0.04668641 0.0 0.0
653.435 0.00022101500000000002 -5.69e-06 73.33 5.0 0.00473845 0.046642895000000004 0.0 0.0
654.5933333333334 0.00022103333333333333 -5.85e-06 73.33 5.0 0.004739666666666667 0.04663513666666667 0.0 0.0
655.775 0.00022120499999999998 -5.585e-06 73.33 5.0 0.0047388 0.046680305 0.0 0.0
656.705 0.00022083999999999998 -5.555e-06 73.33 5.0 0.0047387 0.046602655 0.0 0.0
657.65 0.000220945 -5.735e-06 73.33 5.0 0.0047385 0.046626675 0.0 0.0
658.5799999999999 0.00022075 -5.615e-06 73.33 5.0 0.004738549999999999 0.04658524 0.0 0.0
659.5 0.00022057 -5.63e-06 73.33 5.0 0.00473875 0.046545625 0.0 0.0
660.4449999999999 0.000220735 -5.81e-06 73.33 5.0 0.00473935 0.04657436 0.0 0.0
661.6 0.00022082666666666667 -5.79e-06 73.33 5.0 0.004739166666666667 0.046596023333333327 0.0 0.0
662.755 0.00022091 -5.885e-06 73.33 5.0 0.0047382 0.046623395 0.0 0.0
663.6949999999999 0.000220495 -5.5250000000000005e-06 73.33 5.0 0.0047388 0.046529395 0.0 0.0
664.635 0.000220525 -5.7050000000000004e-06 73.33 5.0 0.0047387 0.046536705 0.0 0.0
665.5550000000001 0.000220495 -5.405e-06 73.33 5.0 0.0047390999999999996 0.046526455 0.0 0.0
666.455 0.00022033 -5.675e-06 73.33 5.0 0.0047393999999999995 0.046488895 0.0 0.0
667.6333333333333 0.00022042 -5.78e-06 73.33 5.0 0.0047383 0.04651852 0.0 0.0
668.8050000000001 0.000220555 -5.765e-06 73.33 5.0 0.0047389500000000005 0.0465405 0.0 0.0
669.735 0.000220225 -5.57e-06 73.33 5.0 0.0047389500000000005 0.046471395 0.0 0.0
670.655 0.00022021 -5.945e-06 73.33 5.0 0.0047390999999999996 0.046466734999999995 0.0 0.0
671.585 0.000220165 -5.585e-06 73.33 5.0 0.0047390999999999996 0.04645723 0.0 0.0
672.53 0.000220105 -5.735e-06 73.33 5.0 0.00473915 0.046444195 0.0 0.0
673.46 0.00021978999999999998 -5.585e-06 73.33 5.0 0.00473855 0.046384035000000004 0.0 0.0
674.6133333333333 0.00021998000000000002 -5.7000000000000005e-06 73.33 5.0 0.0047391 0.04641845 0.0 0.0
675.785 0.00022009 -5.600000000000001e-06 73.33 5.0 0.0047396 0.046436635000000004 0.0 0.0
676.6949999999999 0.00021994 -5.6e-06 73.33 5.0 0.00473915 0.046409599999999995 0.0 0.0
677.635 0.0002197 -5.585e-06 73.33 5.0 0.0047386 0.046364644999999996 0.0 0.0
678.565 0.000219925 -5.765e-06 73.33 5.0 0.0047386500000000005 0.046411325 0.0 0.0
679.49 0.000219685 -5.45e-06 73.33 5.0 0.0047385 0.04636245 0.0 0.0
680.6566666666668 0.0002195533333333333 -5.78e-06 73.33 5.0 0.0047399 0.04632048333333333 0.0 0.0
681.795 0.00021962499999999999 -5.675e-06 73.33 5.0 0.0047386500000000005 0.046348445 0.0 0.0
682.74 0.00021939 -5.57e-06 73.33 5.0 0.0047386500000000005 0.0462981 0.0 0.0
683.685 0.00021952 -5.735e-06 73.33 5.0 0.00473845 0.046328444999999996 0.0 0.0
684.625 0.00021945 -5.644999999999999e-06 73.33 5.0 0.00473885 0.046308829999999995 0.0 0.0
685.56 0.000219435 -5.69e-06 73.33 5.0 0.0047388 0.046306164999999996 0.0 0.0
686.5 0.00021951000000000002 -5.5399999999999995e-06 73.33 5.0 0.004739200000000001 0.046317835 0.0 0.0
687.435 0.00021923 -5.555e-06 73.33 5.0 0.0047390999999999996 0.0462591 0.0 0.0
688.6066666666667 0.00021929666666666665 -5.58e-06 73.33 5.0 0.004738566666666667 0.046279046666666664 0.0 0.0
689.76 0.000219185 -5.585e-06 73.33 5.0 0.0047392 0.04624885 0.0 0.0
690.685 0.00021932 -5.735e-06 73.33 5.0 0.0047394 0.046275054999999995 0.0 0.0
691.62 0.00021920000000000002 -5.675e-06 73.33 5.0 0.0047393 0.04625092 0.0 0.0
692.5699999999999 0.000218885 -5.63e-06 73.33 5.0 0.004739500000000001 0.04618293 0.0 0.0
693.54 0.000218945 -5.57e-06 73.33 5.0 0.0047390999999999996 0.046199505 0.0 0.0
694.475 0.00021881 -5.7800000000000006e-06 73.33 5.0 0.00473855 0.046176585 0.0 0.0
695.6366666666667 0.00021867000000000002 -5.55e-06 73.33 5.0 0.004738866666666667 0.04614408666666667 0.0 0.0
696.8050000000001 0.00021878 -5.72e-06 73.33 5.0 0.00473925 0.046163435 0.0 0.0
697.72 0.00021872 -5.7199999999999994e-06 73.33 5.0 0.00473875 0.046155655 0.0 0.0
698.66 0.00021869 -5.855000000000001e-06 73.33 5.0 0.0047382 0.04615477 0.0 0.0
699.59 0.00021869 -5.7800000000000006e-06 73.33 5.0 0.0047385 0.046151845 0.0 0.0
700.5 0.00021841999999999999 -5.555e-06 73.33 5.0 0.0047388 0.046092259999999996 0.0 0.0
701.4200000000001 0.000218525 -5.675e-06 73.33 5.0 0.0047389 0.046113379999999995 0.0 0.0
702.6 0.00021857 -5.6299999999999995e-06 73.33 5.0 0.004739966666666667 0.04611244 0.0 0.0
703.78 0.0002183 -5.78e-06 73.33 5.0 0.0047386500000000005 0.046068625 0.0 0.0
704.6949999999999 0.000218435 -5.84e-06 73.33 5.0 0.00473885 0.046095040000000004 0.0 0.0
705.61 0.000218225 -5.600000000000001e-06 73.33 5.0 0.0047388 0.046051435 0.0 0.0
706.55 0.00021823 -5.42e-06 73.33 5.0 0.0047383500000000005 0.046055835 0.0 0.0
707.48 0.0002183 -5.7050000000000004e-06 73.33 5.0 0.00473905 0.04606473 0.0 0.0
708.6333333333333 0.00021812333333333335 -5.55e-06 73.33 5.0 0.004738999999999999 0.04602750333333333 0.0 0.0
709.785 0.00021820999999999999 -5.675000000000001e-06 73.33 5.0 0.004738050000000001 0.04605555 0.0 0.0
710.705 0.00021824 -5.495000000000001e-06 73.33 5.0 0.0047389500000000005 0.046053155 0.0 0.0
711.63 0.000218195 -5.75e-06 73.33 5.0 0.0047392 0.04604121 0.0 0.0
712.565 0.00021799 -5.75e-06 73.33 5.0 0.004739149999999999 0.045997695000000005 0.0 0.0
713.49 0.00021787 -5.7199999999999994e-06 73.33 5.0 0.00473925 0.045971525 0.0 0.0
714.415 0.000218045 -5.5399999999999995e-06 73.33 5.0 0.00473925 0.046009305 0.0 0.0
715.5933333333332 0.00021802 -5.6199999999999996e-06 73.33 5.0 0.004737866666666667 0.04601553333333334 0.0 0.0
716.75 0.000218005 -5.600000000000001e-06 73.33 5.0 0.00473985 0.04599408 0.0 0.0
717.6700000000001 0.000217945 -5.645e-06 73.33 5.0 0.00473935 0.04598637 0.0 0.0
718.585 0.00021779999999999998 -5.675000000000001e-06 73.33 5.0 0.004739 0.04595834 0.0 0.0
719.51 0.000217755 -5.495000000000001e-06 73.33 5.0 0.0047388 0.04595077 0.0 0.0
720.6533333333333 0.00021775666666666666 -5.57e-06 73.33 5.0 0.0047386 0.04595373333333333 0.0 0.0
721.81 0.00021768 -5.645e-06 73.33 5.0 0.00473925 0.045930694999999994 0.0 0.0
722.725 0.000217665 -5.63e-06 73.33 5.0 0.0047390999999999996 0.045928985 0.0 0.0
723.64 0.00021762000000000002 -5.5299999999999996e-06 73.33 5.0 0.0047390999999999996 0.045919615 0.0 0.0
724.565 0.00021758999999999998 -5.63e-06 73.33 5.0 0.0047383 0.04592102 0.0 0.0
725.48 0.00021762 -5.615e-06 73.33 5.0 0.00473825 0.04592782 0.0 0.0
726.6366666666667 0.00021748 -5.66e-06 73.33 5.0 0.0047391 0.04589023 0.0 0.0
727.795 0.0002175 -5.69e-06 73.33 5.0 0.0047390999999999996 0.045894500000000005 0.0 0.0
728.725 0.00021747 -5.435e-06 73.33 5.0 0.00473905 0.04588864 0.0 0.0
729.65 0.00021736500000000002 -5.645e-06 73.33 5.0 0.0047384 0.045872985000000005 0.0 0.0
730.565 0.00021753 -5.75e-06 73.33 5.0 0.0047383 0.045908445000000006 0.0 0.0
731.5 0.000217515 -5.6e-06 73.33 5.0 0.00473845 0.045903835000000004 0.0 0.0
732.63 0.00021719 -5.66e-06 73.33 5.0 0.0047396 0.04582461666666667 0.0 0.0
733.79 0.00021721499999999999 -5.66e-06 73.33 5.0 0.004738549999999999 0.04583998 0.0 0.0
734.665 0.00021695999999999998 -5.585e-06 73.33 5.0 0.00473825 0.04578948 0.0 0.0
735.6075000000001 0.00021711 -5.6825e-06 73.33 5.0 0.0047392 0.04581170875 0.0 0.0
736.6745454545454 0.00021702818181818182 -5.6299999999999995e-06 73.33000000000001 5.0 0.004739045454545455 0.04579607818181818 0.0 0.0
737.3930769230769 0.0002169946153846154 -5.694615384615384e-06 73.33000000000001 5.0 0.00473876923076923 0.04579170538461538 0.0 0.0
